1
20 119
1
68
1
19 19
0

100 2	101 2	102 2	103 2	104 2	105 2	106 2	107 2	108 2	109 2	110 2	111 2	112 2	113 2	114 2	
112 3	113 3	114 3	115 3	116 3	117 3	118 3	1 3	2 3	3 3	4 3	5 3	6 3	7 3	8 3	
37 4	38 4	39 4	40 4	41 4	42 4	43 4	44 4	45 4	46 4	47 4	48 4	49 4	50 4	51 4	
95 5	96 5	97 5	98 5	99 5	100 5	101 5	102 5	103 5	104 5	105 5	106 5	107 5	108 5	109 5	
81 6	82 6	83 6	84 6	85 6	86 6	87 6	88 6	89 6	90 6	91 6	92 6	93 6	94 6	95 6	
33 7	34 7	35 7	36 7	37 7	38 7	39 7	40 7	41 7	42 7	43 7	44 7	45 7	46 7	47 7	
78 8	79 8	80 8	81 8	82 8	83 8	84 8	85 8	86 8	87 8	88 8	89 8	90 8	91 8	92 8	
106 9	107 9	108 9	109 9	110 9	111 9	112 9	113 9	114 9	115 9	116 9	117 9	118 9	1 9	2 9	
44 10	45 10	46 10	47 10	48 10	49 10	50 10	51 10	52 10	53 10	54 10	55 10	56 10	57 10	58 10	
61 11	62 11	63 11	64 11	65 11	66 11	67 11	68 11	69 11	70 11	71 11	72 11	73 11	74 11	75 11	
41 12	42 12	43 12	44 12	45 12	46 12	47 12	48 12	49 12	50 12	51 12	52 12	53 12	54 12	55 12	
59 13	60 13	61 13	62 13	63 13	64 13	65 13	66 13	67 13	68 13	69 13	70 13	71 13	72 13	73 13	
92 14	93 14	94 14	95 14	96 14	97 14	98 14	99 14	100 14	101 14	102 14	103 14	104 14	105 14	106 14	
109 15	110 15	111 15	112 15	113 15	114 15	115 15	116 15	117 15	118 15	1 15	2 15	3 15	4 15	5 15	
47 16	48 16	49 16	50 16	51 16	52 16	53 16	54 16	55 16	56 16	57 16	58 16	59 16	60 16	61 16	
113 17	114 17	115 17	116 17	117 17	118 17	1 17	2 17	3 17	4 17	5 17	6 17	7 17	8 17	9 17	
52 18	53 18	54 18	55 18	56 18	57 18	58 18	59 18	60 18	61 18	62 18	63 18	64 18	65 18	66 18	
